{
  "nbformat": 4,
  "nbformat_minor": 0,
  "metadata": {
    "colab": {
      "name": "AI_lab3_T2.ipynb",
      "provenance": [],
      "collapsed_sections": [],
      "include_colab_link": true
    },
    "kernelspec": {
      "display_name": "Python 3",
      "language": "python",
      "name": "python3"
    },
    "language_info": {
      "codemirror_mode": {
        "name": "ipython",
        "version": 3
      },
      "file_extension": ".py",
      "mimetype": "text/x-python",
      "name": "python",
      "nbconvert_exporter": "python",
      "pygments_lexer": "ipython3",
      "version": "3.7.3"
    },
    "toc": {
      "base_numbering": 1,
      "nav_menu": {},
      "number_sections": true,
      "sideBar": true,
      "skip_h1_title": false,
      "title_cell": "Table of Contents",
      "title_sidebar": "Contents",
      "toc_cell": false,
      "toc_position": {},
      "toc_section_display": true,
      "toc_window_display": false
    }
  },
  "cells": [
    {
      "cell_type": "markdown",
      "metadata": {
        "id": "view-in-github",
        "colab_type": "text"
      },
      "source": [
        "<a href=\"https://colab.research.google.com/github/tushar2k/Sem-V-labs/blob/master/AI%20ML-%20ECSE303L/AI_lab3_T2.ipynb\" target=\"_parent\"><img src=\"https://colab.research.google.com/assets/colab-badge.svg\" alt=\"Open In Colab\"/></a>"
      ]
    },
    {
      "cell_type": "markdown",
      "metadata": {
        "colab_type": "text",
        "id": "BHdMfFcnf_Ki"
      },
      "source": [
        "## Logistic Regression Modeling for Early Stage Diabetes Risk Prediction"
      ]
    },
    {
      "cell_type": "markdown",
      "metadata": {
        "id": "Vs3BElHIcSxz",
        "colab_type": "text"
      },
      "source": [
        "## Part 2.1: Getting familiar with linear algebraic functions"
      ]
    },
    {
      "cell_type": "markdown",
      "metadata": {
        "id": "MHSroi5zcSx1",
        "colab_type": "text"
      },
      "source": [
        "#### Tasks\n",
        "- Create matrix of size 10*10 with random integer numbers\n",
        "- Compute the following linear algebric operations on the matrix using built in functions supported in Numpy, Scipy etc.\n",
        "  - Find inverse of the matrix and print it\n",
        "  - Calculate dot product of the matrix with same matrix in transpose A.AT\n",
        "  - Decompose the original matrix using eigen decomposition print the eigen values and eigen vectors\n",
        "  - Calculate jacobian matrix \n",
        "  - Calculate hessian matrix"
      ]
    },
    {
      "cell_type": "code",
      "metadata": {
        "id": "Ann3dFRSchdY",
        "colab_type": "code",
        "colab": {}
      },
      "source": [
        "import numpy as np\n",
        "import pandas as pd\n",
        "from autograd import grad, jacobian\n",
        "import matplotlib.pyplot as plt"
      ],
      "execution_count": null,
      "outputs": []
    },
    {
      "cell_type": "code",
      "metadata": {
        "id": "cN9CEL3UcSx3",
        "colab_type": "code",
        "colab": {
          "base_uri": "https://localhost:8080/",
          "height": 364
        },
        "outputId": "26c5a5d6-e181-4e57-e0b9-789f9b65b6b8"
      },
      "source": [
        "m=np.random.rand(10,10)\n",
        "print(m)"
      ],
      "execution_count": null,
      "outputs": [
        {
          "output_type": "stream",
          "text": [
            "[[0.64605937 0.57990038 0.78637447 0.96801855 0.46154756 0.57015108\n",
            "  0.07217216 0.68287863 0.09987775 0.79415375]\n",
            " [0.45154448 0.55270195 0.68515176 0.09596993 0.66418397 0.45920159\n",
            "  0.05698756 0.12805806 0.78074908 0.98932501]\n",
            " [0.75838534 0.43171217 0.41141777 0.97029975 0.64157996 0.05301835\n",
            "  0.54353802 0.06727193 0.38782452 0.93727164]\n",
            " [0.83633404 0.79923831 0.2437604  0.48432715 0.74819864 0.72169355\n",
            "  0.99760136 0.17390283 0.5277311  0.43055097]\n",
            " [0.44397951 0.6824554  0.63376728 0.11766954 0.86871905 0.20502795\n",
            "  0.2641263  0.66310474 0.70499615 0.17753209]\n",
            " [0.83275167 0.06180696 0.98369849 0.75359071 0.49934215 0.87214269\n",
            "  0.67757801 0.61224935 0.54153073 0.53671791]\n",
            " [0.11039755 0.59761279 0.34433759 0.34086518 0.21613357 0.23178435\n",
            "  0.69827394 0.08406772 0.58492598 0.36519759]\n",
            " [0.24413209 0.75354938 0.04703925 0.62841795 0.02039782 0.31243561\n",
            "  0.78661437 0.78863704 0.52506459 0.57970652]\n",
            " [0.44716467 0.75573419 0.73271357 0.4397589  0.79690965 0.74751454\n",
            "  0.25046071 0.82290298 0.13938032 0.91460804]\n",
            " [0.81025615 0.25556757 0.35387708 0.12087815 0.81808113 0.548978\n",
            "  0.9668409  0.32897    0.69085039 0.24869775]]\n"
          ],
          "name": "stdout"
        }
      ]
    },
    {
      "cell_type": "code",
      "metadata": {
        "id": "_dME0qvxcSyC",
        "colab_type": "code",
        "colab": {
          "base_uri": "https://localhost:8080/",
          "height": 364
        },
        "outputId": "fdcf3b96-8227-4c4f-e42b-0d9e9b19b7ca"
      },
      "source": [
        "m_inv=np.linalg.inv(m)\n",
        "print(m_inv)"
      ],
      "execution_count": null,
      "outputs": [
        {
          "output_type": "stream",
          "text": [
            "[[ 12.67425808   0.52352872  -3.72949769  -5.56274821  -4.21154436\n",
            "   -7.8343482    4.45163751  -1.38307137  -4.00133627  12.44712154]\n",
            " [  6.33292762   0.07803977  -2.17363239  -2.13508006  -1.71401773\n",
            "   -4.32045487   3.20583554  -0.86182256  -1.64563017   5.25588115]\n",
            " [  9.36970166  -0.25683176  -2.88752976  -5.37306238  -3.10052183\n",
            "   -5.50800796   5.80797402  -2.12102527  -2.02408858   9.24549448]\n",
            " [-10.11382606  -0.47598527   3.59380301   5.70742152   3.98675368\n",
            "    7.06255467  -4.95244893   1.43622645   2.15244029 -11.31434171]\n",
            " [-11.06804718  -0.54204894   3.80865371   5.33780935   4.18047567\n",
            "    6.5400337   -5.10136211   0.86782351   3.45534535 -10.43288301]\n",
            " [ -8.15629002   0.35461514   1.63277248   5.23988613   2.4471703\n",
            "    5.7746293   -4.28063      1.12246738   2.08961996  -8.81502956]\n",
            " [  4.09794963  -0.69622826  -1.12311076  -2.93191862  -2.12669089\n",
            "   -2.99646088   3.305463    -0.77117587  -0.4172071    5.45519139]\n",
            " [  0.45026488  -0.24276228  -0.24777496  -0.94279857   0.14164618\n",
            "   -0.3011509   -0.45067406   0.72058991   0.1814959    0.95734553]\n",
            " [ -7.25258987   0.81253305   1.99028372   3.78871989   3.05806081\n",
            "    4.97644591  -3.81874701   1.57602991   0.66116971  -7.55319103]\n",
            " [  1.81497928   0.58189141  -0.22105344  -1.81554261  -1.61131227\n",
            "   -1.66782934   0.928612     0.04608375   0.12771009   2.69558263]]\n"
          ],
          "name": "stdout"
        }
      ]
    },
    {
      "cell_type": "code",
      "metadata": {
        "id": "qYx51wMQcSyN",
        "colab_type": "code",
        "colab": {
          "base_uri": "https://localhost:8080/",
          "height": 191
        },
        "outputId": "e9be2dcb-1031-45eb-89fb-9d4b0967ebf6"
      },
      "source": [
        "print(np.round(m.dot(m_inv),0))"
      ],
      "execution_count": null,
      "outputs": [
        {
          "output_type": "stream",
          "text": [
            "[[ 1. -0. -0.  0. -0.  0. -0.  0.  0.  0.]\n",
            " [ 0.  1. -0. -0. -0.  0. -0.  0.  0.  0.]\n",
            " [-0. -0.  1. -0. -0.  0.  0.  0.  0.  0.]\n",
            " [ 0. -0. -0.  1. -0.  0. -0.  0.  0.  0.]\n",
            " [ 0.  0. -0.  0.  1.  0. -0.  0.  0.  0.]\n",
            " [ 0. -0. -0. -0. -0.  1.  0. -0. -0.  0.]\n",
            " [ 0. -0. -0.  0. -0. -0.  1. -0.  0.  0.]\n",
            " [ 0.  0. -0. -0. -0. -0.  0.  1. -0.  0.]\n",
            " [ 0. -0. -0. -0.  0.  0. -0.  0.  1. -0.]\n",
            " [ 0. -0.  0. -0. -0.  0.  0.  0. -0.  1.]]\n"
          ],
          "name": "stdout"
        }
      ]
    },
    {
      "cell_type": "code",
      "metadata": {
        "id": "BhLfMJ93cSyU",
        "colab_type": "code",
        "colab": {
          "base_uri": "https://localhost:8080/",
          "height": 364
        },
        "outputId": "73204cd4-2715-4c56-e192-b18d7f4e18d3"
      },
      "source": [
        "m_tr=m.transpose()\n",
        "print(m.dot(m_tr))"
      ],
      "execution_count": null,
      "outputs": [
        {
          "output_type": "stream",
          "text": [
            "[[3.95940808 2.76750657 3.19769643 3.00651411 2.49601385 3.75193498\n",
            "  1.70677749 2.53570158 3.84331497 2.31848367]\n",
            " [2.76750657 3.24800103 2.67617884 2.7783216  2.5203587  2.95943946\n",
            "  1.76731367 1.90556221 3.16970678 2.43927638]\n",
            " [3.19769643 2.67617884 3.61555076 3.22996983 2.20245427 3.28330284\n",
            "  1.9194162  2.39680421 3.04722983 2.59033905]\n",
            " [3.00651411 2.7783216  3.22996983 4.20219612 2.75347289 3.65294676\n",
            "  2.32511696 2.81157198 3.36561342 3.52838196]\n",
            " [2.49601385 2.5203587  2.20245427 2.75347289 2.91308731 2.79863076\n",
            "  1.66786235 2.01198861 2.94841389 2.60059685]\n",
            " [3.75193498 2.95943946 3.28330284 3.65294676 2.79863076 4.65811544\n",
            "  2.07191015 2.66370489 3.76101785 3.38114762]\n",
            " [1.70677749 1.76731367 1.9194162  2.32511696 1.66786235 2.07191015\n",
            "  1.67468538 1.91891443 1.9083123  1.90699211]\n",
            " [2.53570158 1.90556221 2.39680421 2.81157198 2.01198861 2.66370489\n",
            "  1.91891443 2.97505408 2.68865002 2.19808944]\n",
            " [3.84331497 3.16970678 3.04722983 3.36561342 2.94841389 3.76101785\n",
            "  1.9083123  2.68865002 4.29102508 2.7668306 ]\n",
            " [2.31848367 2.43927638 2.59033905 3.52838196 2.60059685 3.38114762\n",
            "  1.90699211 2.19808944 2.7668306  3.41443134]]\n"
          ],
          "name": "stdout"
        }
      ]
    },
    {
      "cell_type": "code",
      "metadata": {
        "id": "W_Blja2NcSyb",
        "colab_type": "code",
        "colab": {}
      },
      "source": [
        "m_ei,m_ev=np.linalg.eig(m)"
      ],
      "execution_count": null,
      "outputs": []
    },
    {
      "cell_type": "code",
      "metadata": {
        "id": "NwBiTdhGiAc5",
        "colab_type": "code",
        "colab": {
          "base_uri": "https://localhost:8080/",
          "height": 780
        },
        "outputId": "ea589cea-4412-45e1-fa70-f53f2427a9d0"
      },
      "source": [
        "print((m_ei))\n",
        "print((m_ev))"
      ],
      "execution_count": null,
      "outputs": [
        {
          "output_type": "stream",
          "text": [
            "[ 5.21081135+0.j         -0.70205329+0.j         -0.43337629+0.58300799j\n",
            " -0.43337629-0.58300799j  0.09752227+0.7721933j   0.09752227-0.7721933j\n",
            "  0.60783024+0.28313253j  0.60783024-0.28313253j  0.6255549 +0.j\n",
            "  0.03209164+0.j        ]\n",
            "[[-0.34769385+0.j          0.35866567+0.j          0.18073155-0.21751117j\n",
            "   0.18073155+0.21751117j  0.04151173-0.05833321j  0.04151173+0.05833321j\n",
            "  -0.21382665+0.14952671j -0.21382665-0.14952671j  0.51999649+0.j\n",
            "   0.47508414+0.j        ]\n",
            " [-0.29947642+0.j         -0.13735879+0.j          0.20115087-0.05996658j\n",
            "   0.20115087+0.05996658j -0.54492213+0.j         -0.54492213-0.j\n",
            "   0.21247471+0.07392335j  0.21247471-0.07392335j -0.05849537+0.j\n",
            "   0.2224042 +0.j        ]\n",
            " [-0.31057298+0.j          0.01513821+0.j          0.51995354+0.j\n",
            "   0.51995354-0.j          0.12554533+0.13110267j  0.12554533-0.13110267j\n",
            "   0.304951  -0.24449038j  0.304951  +0.24449038j -0.15350685+0.j\n",
            "   0.36464014+0.j        ]\n",
            " [-0.35362408+0.j          0.04337404+0.j         -0.13436989+0.32066812j\n",
            "  -0.13436989-0.32066812j -0.10341281+0.20866298j -0.10341281-0.20866298j\n",
            "  -0.01215921-0.05815094j -0.01215921+0.05815094j  0.15077374+0.j\n",
            "  -0.41000658+0.j        ]\n",
            " [-0.28096361+0.j         -0.2973963 +0.j         -0.39418579-0.09561143j\n",
            "  -0.39418579+0.09561143j  0.16111543+0.01868976j  0.16111543-0.01868976j\n",
            "   0.38290414+0.10355626j  0.38290414-0.10355626j -0.45503167+0.j\n",
            "  -0.42446414+0.j        ]\n",
            " [-0.38834662+0.j         -0.20467047+0.j         -0.1766499 -0.13685063j\n",
            "  -0.1766499 +0.13685063j  0.08229621-0.47233225j  0.08229621+0.47233225j\n",
            "  -0.50852747+0.j         -0.50852747-0.j          0.57345089+0.j\n",
            "  -0.34285203+0.j        ]\n",
            " [-0.20819506+0.j         -0.14554008+0.j         -0.00242311-0.14421423j\n",
            "  -0.00242311+0.14421423j  0.05420144+0.31721861j  0.05420144-0.31721861j\n",
            "   0.15507043-0.31185758j  0.15507043+0.31185758j -0.36532313+0.j\n",
            "   0.18685195+0.j        ]\n",
            " [-0.27187063+0.j         -0.03759158+0.j          0.10759232-0.09641981j\n",
            "   0.10759232+0.09641981j  0.26987262+0.29195391j  0.26987262-0.29195391j\n",
            "  -0.36096935+0.1644346j  -0.36096935-0.1644346j  -0.02287071+0.j\n",
            "   0.01532368+0.j        ]\n",
            " [-0.36090611+0.j          0.77599792+0.j          0.0881135 +0.09631712j\n",
            "   0.0881135 -0.09631712j -0.10182697-0.15672183j -0.10182697+0.15672183j\n",
            "  -0.08819803+0.14541679j -0.08819803-0.14541679j  0.01542092+0.j\n",
            "  -0.28181756+0.j        ]\n",
            " [-0.30108406+0.j         -0.30867242+0.j         -0.33139176+0.31896255j\n",
            "  -0.33139176-0.31896255j  0.05079454-0.23543086j  0.05079454+0.23543086j\n",
            "  -0.03536652-0.01596042j -0.03536652+0.01596042j -0.09880919+0.j\n",
            "   0.10712925+0.j        ]]\n"
          ],
          "name": "stdout"
        }
      ]
    },
    {
      "cell_type": "code",
      "metadata": {
        "id": "6nLe5pLcJzrM",
        "colab_type": "code",
        "colab": {}
      },
      "source": [
        "import autograd.numpy as np"
      ],
      "execution_count": null,
      "outputs": []
    },
    {
      "cell_type": "code",
      "metadata": {
        "id": "sWqTkzVGjgIx",
        "colab_type": "code",
        "colab": {}
      },
      "source": [
        "def cost(x):\n",
        "    a=np.sum(x**3)\n",
        "    return(a)"
      ],
      "execution_count": null,
      "outputs": []
    },
    {
      "cell_type": "code",
      "metadata": {
        "id": "uif0G5m0jglf",
        "colab_type": "code",
        "colab": {}
      },
      "source": [
        "import autograd"
      ],
      "execution_count": null,
      "outputs": []
    },
    {
      "cell_type": "code",
      "metadata": {
        "id": "_sb2TF-PKKtT",
        "colab_type": "code",
        "colab": {}
      },
      "source": [
        "jac=autograd.jacobian(cost)\n",
        "hes=autograd.hessian(cost)"
      ],
      "execution_count": null,
      "outputs": []
    },
    {
      "cell_type": "code",
      "metadata": {
        "id": "LBnjD6X1LpUV",
        "colab_type": "code",
        "colab": {
          "base_uri": "https://localhost:8080/",
          "height": 1000
        },
        "outputId": "9db32f6f-3878-4fe9-c15e-63e82568ae40"
      },
      "source": [
        "print(jac(m))\n",
        "print(hes(m))"
      ],
      "execution_count": null,
      "outputs": [
        {
          "output_type": "stream",
          "text": [
            "[[1.25217812e+00 1.00885336e+00 1.85515443e+00 2.81117975e+00\n",
            "  6.39078442e-01 9.75216750e-01 1.56264634e-02 1.39896967e+00\n",
            "  2.99266923e-02 1.89204056e+00]\n",
            " [6.11677259e-01 9.16438332e-01 1.40829881e+00 2.76306833e-02\n",
            "  1.32342104e+00 6.32598296e-01 9.74274437e-03 4.91965994e-02\n",
            "  1.82870738e+00 2.93629193e+00]\n",
            " [1.72544498e+00 5.59126181e-01 5.07793736e-01 2.82444480e+00\n",
            "  1.23487454e+00 8.43283659e-03 8.86300727e-01 1.35765395e-02\n",
            "  4.51223572e-01 2.63543437e+00]\n",
            " [2.09836387e+00 1.91634561e+00 1.78257392e-01 7.03718378e-01\n",
            "  1.67940362e+00 1.56252473e+00 2.98562544e+00 9.07265820e-02\n",
            "  8.35500329e-01 5.56122423e-01]\n",
            " [5.91353422e-01 1.39723611e+00 1.20498288e+00 4.15383589e-02\n",
            "  2.26401835e+00 1.26109375e-01 2.09288101e-01 1.31912368e+00\n",
            "  1.49105873e+00 9.45529254e-02]\n",
            " [2.08042604e+00 1.14603008e-02 2.90298815e+00 1.70369687e+00\n",
            "  7.48027742e-01 2.28189860e+00 1.37733588e+00 1.12454779e+00\n",
            "  8.79766599e-01 8.64198340e-01]\n",
            " [3.65628554e-02 1.07142315e+00 3.55705119e-01 3.48567207e-01\n",
            "  1.40141158e-01 1.61171958e-01 1.46275950e+00 2.12021421e-02\n",
            "  1.02641520e+00 4.00107850e-01]\n",
            " [1.78801432e-01 1.70351002e+00 6.63807257e-03 1.18472737e+00\n",
            "  1.24821330e-03 2.92848035e-01 1.85628652e+00 1.86584515e+00\n",
            "  8.27078476e-01 1.00817895e+00]\n",
            " [5.99868731e-01 1.71340250e+00 1.61060753e+00 5.80163663e-01\n",
            "  1.90519496e+00 1.67633396e+00 1.88191694e-01 2.03150796e+00\n",
            "  5.82806211e-02 2.50952361e+00]\n",
            " [1.96954510e+00 1.95944353e-01 3.75686971e-01 4.38345843e-02\n",
            "  2.00777022e+00 9.04130522e-01 2.80434400e+00 3.24663780e-01\n",
            "  1.43182278e+00 1.85551711e-01]]\n",
            "[[[[3.8763562  0.         0.         ... 0.         0.\n",
            "    0.        ]\n",
            "   [0.         0.         0.         ... 0.         0.\n",
            "    0.        ]\n",
            "   [0.         0.         0.         ... 0.         0.\n",
            "    0.        ]\n",
            "   ...\n",
            "   [0.         0.         0.         ... 0.         0.\n",
            "    0.        ]\n",
            "   [0.         0.         0.         ... 0.         0.\n",
            "    0.        ]\n",
            "   [0.         0.         0.         ... 0.         0.\n",
            "    0.        ]]\n",
            "\n",
            "  [[0.         3.47940229 0.         ... 0.         0.\n",
            "    0.        ]\n",
            "   [0.         0.         0.         ... 0.         0.\n",
            "    0.        ]\n",
            "   [0.         0.         0.         ... 0.         0.\n",
            "    0.        ]\n",
            "   ...\n",
            "   [0.         0.         0.         ... 0.         0.\n",
            "    0.        ]\n",
            "   [0.         0.         0.         ... 0.         0.\n",
            "    0.        ]\n",
            "   [0.         0.         0.         ... 0.         0.\n",
            "    0.        ]]\n",
            "\n",
            "  [[0.         0.         4.71824684 ... 0.         0.\n",
            "    0.        ]\n",
            "   [0.         0.         0.         ... 0.         0.\n",
            "    0.        ]\n",
            "   [0.         0.         0.         ... 0.         0.\n",
            "    0.        ]\n",
            "   ...\n",
            "   [0.         0.         0.         ... 0.         0.\n",
            "    0.        ]\n",
            "   [0.         0.         0.         ... 0.         0.\n",
            "    0.        ]\n",
            "   [0.         0.         0.         ... 0.         0.\n",
            "    0.        ]]\n",
            "\n",
            "  ...\n",
            "\n",
            "  [[0.         0.         0.         ... 4.09727179 0.\n",
            "    0.        ]\n",
            "   [0.         0.         0.         ... 0.         0.\n",
            "    0.        ]\n",
            "   [0.         0.         0.         ... 0.         0.\n",
            "    0.        ]\n",
            "   ...\n",
            "   [0.         0.         0.         ... 0.         0.\n",
            "    0.        ]\n",
            "   [0.         0.         0.         ... 0.         0.\n",
            "    0.        ]\n",
            "   [0.         0.         0.         ... 0.         0.\n",
            "    0.        ]]\n",
            "\n",
            "  [[0.         0.         0.         ... 0.         0.59926647\n",
            "    0.        ]\n",
            "   [0.         0.         0.         ... 0.         0.\n",
            "    0.        ]\n",
            "   [0.         0.         0.         ... 0.         0.\n",
            "    0.        ]\n",
            "   ...\n",
            "   [0.         0.         0.         ... 0.         0.\n",
            "    0.        ]\n",
            "   [0.         0.         0.         ... 0.         0.\n",
            "    0.        ]\n",
            "   [0.         0.         0.         ... 0.         0.\n",
            "    0.        ]]\n",
            "\n",
            "  [[0.         0.         0.         ... 0.         0.\n",
            "    4.76492253]\n",
            "   [0.         0.         0.         ... 0.         0.\n",
            "    0.        ]\n",
            "   [0.         0.         0.         ... 0.         0.\n",
            "    0.        ]\n",
            "   ...\n",
            "   [0.         0.         0.         ... 0.         0.\n",
            "    0.        ]\n",
            "   [0.         0.         0.         ... 0.         0.\n",
            "    0.        ]\n",
            "   [0.         0.         0.         ... 0.         0.\n",
            "    0.        ]]]\n",
            "\n",
            "\n",
            " [[[0.         0.         0.         ... 0.         0.\n",
            "    0.        ]\n",
            "   [2.70926689 0.         0.         ... 0.         0.\n",
            "    0.        ]\n",
            "   [0.         0.         0.         ... 0.         0.\n",
            "    0.        ]\n",
            "   ...\n",
            "   [0.         0.         0.         ... 0.         0.\n",
            "    0.        ]\n",
            "   [0.         0.         0.         ... 0.         0.\n",
            "    0.        ]\n",
            "   [0.         0.         0.         ... 0.         0.\n",
            "    0.        ]]\n",
            "\n",
            "  [[0.         0.         0.         ... 0.         0.\n",
            "    0.        ]\n",
            "   [0.         3.31621169 0.         ... 0.         0.\n",
            "    0.        ]\n",
            "   [0.         0.         0.         ... 0.         0.\n",
            "    0.        ]\n",
            "   ...\n",
            "   [0.         0.         0.         ... 0.         0.\n",
            "    0.        ]\n",
            "   [0.         0.         0.         ... 0.         0.\n",
            "    0.        ]\n",
            "   [0.         0.         0.         ... 0.         0.\n",
            "    0.        ]]\n",
            "\n",
            "  [[0.         0.         0.         ... 0.         0.\n",
            "    0.        ]\n",
            "   [0.         0.         4.11091058 ... 0.         0.\n",
            "    0.        ]\n",
            "   [0.         0.         0.         ... 0.         0.\n",
            "    0.        ]\n",
            "   ...\n",
            "   [0.         0.         0.         ... 0.         0.\n",
            "    0.        ]\n",
            "   [0.         0.         0.         ... 0.         0.\n",
            "    0.        ]\n",
            "   [0.         0.         0.         ... 0.         0.\n",
            "    0.        ]]\n",
            "\n",
            "  ...\n",
            "\n",
            "  [[0.         0.         0.         ... 0.         0.\n",
            "    0.        ]\n",
            "   [0.         0.         0.         ... 0.76834835 0.\n",
            "    0.        ]\n",
            "   [0.         0.         0.         ... 0.         0.\n",
            "    0.        ]\n",
            "   ...\n",
            "   [0.         0.         0.         ... 0.         0.\n",
            "    0.        ]\n",
            "   [0.         0.         0.         ... 0.         0.\n",
            "    0.        ]\n",
            "   [0.         0.         0.         ... 0.         0.\n",
            "    0.        ]]\n",
            "\n",
            "  [[0.         0.         0.         ... 0.         0.\n",
            "    0.        ]\n",
            "   [0.         0.         0.         ... 0.         4.68449449\n",
            "    0.        ]\n",
            "   [0.         0.         0.         ... 0.         0.\n",
            "    0.        ]\n",
            "   ...\n",
            "   [0.         0.         0.         ... 0.         0.\n",
            "    0.        ]\n",
            "   [0.         0.         0.         ... 0.         0.\n",
            "    0.        ]\n",
            "   [0.         0.         0.         ... 0.         0.\n",
            "    0.        ]]\n",
            "\n",
            "  [[0.         0.         0.         ... 0.         0.\n",
            "    0.        ]\n",
            "   [0.         0.         0.         ... 0.         0.\n",
            "    5.93595007]\n",
            "   [0.         0.         0.         ... 0.         0.\n",
            "    0.        ]\n",
            "   ...\n",
            "   [0.         0.         0.         ... 0.         0.\n",
            "    0.        ]\n",
            "   [0.         0.         0.         ... 0.         0.\n",
            "    0.        ]\n",
            "   [0.         0.         0.         ... 0.         0.\n",
            "    0.        ]]]\n",
            "\n",
            "\n",
            " [[[0.         0.         0.         ... 0.         0.\n",
            "    0.        ]\n",
            "   [0.         0.         0.         ... 0.         0.\n",
            "    0.        ]\n",
            "   [4.55031205 0.         0.         ... 0.         0.\n",
            "    0.        ]\n",
            "   ...\n",
            "   [0.         0.         0.         ... 0.         0.\n",
            "    0.        ]\n",
            "   [0.         0.         0.         ... 0.         0.\n",
            "    0.        ]\n",
            "   [0.         0.         0.         ... 0.         0.\n",
            "    0.        ]]\n",
            "\n",
            "  [[0.         0.         0.         ... 0.         0.\n",
            "    0.        ]\n",
            "   [0.         0.         0.         ... 0.         0.\n",
            "    0.        ]\n",
            "   [0.         2.59027299 0.         ... 0.         0.\n",
            "    0.        ]\n",
            "   ...\n",
            "   [0.         0.         0.         ... 0.         0.\n",
            "    0.        ]\n",
            "   [0.         0.         0.         ... 0.         0.\n",
            "    0.        ]\n",
            "   [0.         0.         0.         ... 0.         0.\n",
            "    0.        ]]\n",
            "\n",
            "  [[0.         0.         0.         ... 0.         0.\n",
            "    0.        ]\n",
            "   [0.         0.         0.         ... 0.         0.\n",
            "    0.        ]\n",
            "   [0.         0.         2.4685066  ... 0.         0.\n",
            "    0.        ]\n",
            "   ...\n",
            "   [0.         0.         0.         ... 0.         0.\n",
            "    0.        ]\n",
            "   [0.         0.         0.         ... 0.         0.\n",
            "    0.        ]\n",
            "   [0.         0.         0.         ... 0.         0.\n",
            "    0.        ]]\n",
            "\n",
            "  ...\n",
            "\n",
            "  [[0.         0.         0.         ... 0.         0.\n",
            "    0.        ]\n",
            "   [0.         0.         0.         ... 0.         0.\n",
            "    0.        ]\n",
            "   [0.         0.         0.         ... 0.40363161 0.\n",
            "    0.        ]\n",
            "   ...\n",
            "   [0.         0.         0.         ... 0.         0.\n",
            "    0.        ]\n",
            "   [0.         0.         0.         ... 0.         0.\n",
            "    0.        ]\n",
            "   [0.         0.         0.         ... 0.         0.\n",
            "    0.        ]]\n",
            "\n",
            "  [[0.         0.         0.         ... 0.         0.\n",
            "    0.        ]\n",
            "   [0.         0.         0.         ... 0.         0.\n",
            "    0.        ]\n",
            "   [0.         0.         0.         ... 0.         2.32694711\n",
            "    0.        ]\n",
            "   ...\n",
            "   [0.         0.         0.         ... 0.         0.\n",
            "    0.        ]\n",
            "   [0.         0.         0.         ... 0.         0.\n",
            "    0.        ]\n",
            "   [0.         0.         0.         ... 0.         0.\n",
            "    0.        ]]\n",
            "\n",
            "  [[0.         0.         0.         ... 0.         0.\n",
            "    0.        ]\n",
            "   [0.         0.         0.         ... 0.         0.\n",
            "    0.        ]\n",
            "   [0.         0.         0.         ... 0.         0.\n",
            "    5.62362983]\n",
            "   ...\n",
            "   [0.         0.         0.         ... 0.         0.\n",
            "    0.        ]\n",
            "   [0.         0.         0.         ... 0.         0.\n",
            "    0.        ]\n",
            "   [0.         0.         0.         ... 0.         0.\n",
            "    0.        ]]]\n",
            "\n",
            "\n",
            " ...\n",
            "\n",
            "\n",
            " [[[0.         0.         0.         ... 0.         0.\n",
            "    0.        ]\n",
            "   [0.         0.         0.         ... 0.         0.\n",
            "    0.        ]\n",
            "   [0.         0.         0.         ... 0.         0.\n",
            "    0.        ]\n",
            "   ...\n",
            "   [1.46479254 0.         0.         ... 0.         0.\n",
            "    0.        ]\n",
            "   [0.         0.         0.         ... 0.         0.\n",
            "    0.        ]\n",
            "   [0.         0.         0.         ... 0.         0.\n",
            "    0.        ]]\n",
            "\n",
            "  [[0.         0.         0.         ... 0.         0.\n",
            "    0.        ]\n",
            "   [0.         0.         0.         ... 0.         0.\n",
            "    0.        ]\n",
            "   [0.         0.         0.         ... 0.         0.\n",
            "    0.        ]\n",
            "   ...\n",
            "   [0.         4.5212963  0.         ... 0.         0.\n",
            "    0.        ]\n",
            "   [0.         0.         0.         ... 0.         0.\n",
            "    0.        ]\n",
            "   [0.         0.         0.         ... 0.         0.\n",
            "    0.        ]]\n",
            "\n",
            "  [[0.         0.         0.         ... 0.         0.\n",
            "    0.        ]\n",
            "   [0.         0.         0.         ... 0.         0.\n",
            "    0.        ]\n",
            "   [0.         0.         0.         ... 0.         0.\n",
            "    0.        ]\n",
            "   ...\n",
            "   [0.         0.         0.28223549 ... 0.         0.\n",
            "    0.        ]\n",
            "   [0.         0.         0.         ... 0.         0.\n",
            "    0.        ]\n",
            "   [0.         0.         0.         ... 0.         0.\n",
            "    0.        ]]\n",
            "\n",
            "  ...\n",
            "\n",
            "  [[0.         0.         0.         ... 0.         0.\n",
            "    0.        ]\n",
            "   [0.         0.         0.         ... 0.         0.\n",
            "    0.        ]\n",
            "   [0.         0.         0.         ... 0.         0.\n",
            "    0.        ]\n",
            "   ...\n",
            "   [0.         0.         0.         ... 4.73182225 0.\n",
            "    0.        ]\n",
            "   [0.         0.         0.         ... 0.         0.\n",
            "    0.        ]\n",
            "   [0.         0.         0.         ... 0.         0.\n",
            "    0.        ]]\n",
            "\n",
            "  [[0.         0.         0.         ... 0.         0.\n",
            "    0.        ]\n",
            "   [0.         0.         0.         ... 0.         0.\n",
            "    0.        ]\n",
            "   [0.         0.         0.         ... 0.         0.\n",
            "    0.        ]\n",
            "   ...\n",
            "   [0.         0.         0.         ... 0.         3.15038755\n",
            "    0.        ]\n",
            "   [0.         0.         0.         ... 0.         0.\n",
            "    0.        ]\n",
            "   [0.         0.         0.         ... 0.         0.\n",
            "    0.        ]]\n",
            "\n",
            "  [[0.         0.         0.         ... 0.         0.\n",
            "    0.        ]\n",
            "   [0.         0.         0.         ... 0.         0.\n",
            "    0.        ]\n",
            "   [0.         0.         0.         ... 0.         0.\n",
            "    0.        ]\n",
            "   ...\n",
            "   [0.         0.         0.         ... 0.         0.\n",
            "    3.47823912]\n",
            "   [0.         0.         0.         ... 0.         0.\n",
            "    0.        ]\n",
            "   [0.         0.         0.         ... 0.         0.\n",
            "    0.        ]]]\n",
            "\n",
            "\n",
            " [[[0.         0.         0.         ... 0.         0.\n",
            "    0.        ]\n",
            "   [0.         0.         0.         ... 0.         0.\n",
            "    0.        ]\n",
            "   [0.         0.         0.         ... 0.         0.\n",
            "    0.        ]\n",
            "   ...\n",
            "   [0.         0.         0.         ... 0.         0.\n",
            "    0.        ]\n",
            "   [2.68298803 0.         0.         ... 0.         0.\n",
            "    0.        ]\n",
            "   [0.         0.         0.         ... 0.         0.\n",
            "    0.        ]]\n",
            "\n",
            "  [[0.         0.         0.         ... 0.         0.\n",
            "    0.        ]\n",
            "   [0.         0.         0.         ... 0.         0.\n",
            "    0.        ]\n",
            "   [0.         0.         0.         ... 0.         0.\n",
            "    0.        ]\n",
            "   ...\n",
            "   [0.         0.         0.         ... 0.         0.\n",
            "    0.        ]\n",
            "   [0.         4.53440515 0.         ... 0.         0.\n",
            "    0.        ]\n",
            "   [0.         0.         0.         ... 0.         0.\n",
            "    0.        ]]\n",
            "\n",
            "  [[0.         0.         0.         ... 0.         0.\n",
            "    0.        ]\n",
            "   [0.         0.         0.         ... 0.         0.\n",
            "    0.        ]\n",
            "   [0.         0.         0.         ... 0.         0.\n",
            "    0.        ]\n",
            "   ...\n",
            "   [0.         0.         0.         ... 0.         0.\n",
            "    0.        ]\n",
            "   [0.         0.         4.39628143 ... 0.         0.\n",
            "    0.        ]\n",
            "   [0.         0.         0.         ... 0.         0.\n",
            "    0.        ]]\n",
            "\n",
            "  ...\n",
            "\n",
            "  [[0.         0.         0.         ... 0.         0.\n",
            "    0.        ]\n",
            "   [0.         0.         0.         ... 0.         0.\n",
            "    0.        ]\n",
            "   [0.         0.         0.         ... 0.         0.\n",
            "    0.        ]\n",
            "   ...\n",
            "   [0.         0.         0.         ... 0.         0.\n",
            "    0.        ]\n",
            "   [0.         0.         0.         ... 4.9374179  0.\n",
            "    0.        ]\n",
            "   [0.         0.         0.         ... 0.         0.\n",
            "    0.        ]]\n",
            "\n",
            "  [[0.         0.         0.         ... 0.         0.\n",
            "    0.        ]\n",
            "   [0.         0.         0.         ... 0.         0.\n",
            "    0.        ]\n",
            "   [0.         0.         0.         ... 0.         0.\n",
            "    0.        ]\n",
            "   ...\n",
            "   [0.         0.         0.         ... 0.         0.\n",
            "    0.        ]\n",
            "   [0.         0.         0.         ... 0.         0.83628192\n",
            "    0.        ]\n",
            "   [0.         0.         0.         ... 0.         0.\n",
            "    0.        ]]\n",
            "\n",
            "  [[0.         0.         0.         ... 0.         0.\n",
            "    0.        ]\n",
            "   [0.         0.         0.         ... 0.         0.\n",
            "    0.        ]\n",
            "   [0.         0.         0.         ... 0.         0.\n",
            "    0.        ]\n",
            "   ...\n",
            "   [0.         0.         0.         ... 0.         0.\n",
            "    0.        ]\n",
            "   [0.         0.         0.         ... 0.         0.\n",
            "    5.48764825]\n",
            "   [0.         0.         0.         ... 0.         0.\n",
            "    0.        ]]]\n",
            "\n",
            "\n",
            " [[[0.         0.         0.         ... 0.         0.\n",
            "    0.        ]\n",
            "   [0.         0.         0.         ... 0.         0.\n",
            "    0.        ]\n",
            "   [0.         0.         0.         ... 0.         0.\n",
            "    0.        ]\n",
            "   ...\n",
            "   [0.         0.         0.         ... 0.         0.\n",
            "    0.        ]\n",
            "   [0.         0.         0.         ... 0.         0.\n",
            "    0.        ]\n",
            "   [4.86153692 0.         0.         ... 0.         0.\n",
            "    0.        ]]\n",
            "\n",
            "  [[0.         0.         0.         ... 0.         0.\n",
            "    0.        ]\n",
            "   [0.         0.         0.         ... 0.         0.\n",
            "    0.        ]\n",
            "   [0.         0.         0.         ... 0.         0.\n",
            "    0.        ]\n",
            "   ...\n",
            "   [0.         0.         0.         ... 0.         0.\n",
